400
300
Pętla nr:1
292
12
96
5.0
5.0
Pętla nr:2
226
72
102
5.0
5.0
Pętla nr:3
108
121
171
5.0
5.0
Pętla nr:4
44
75
281
5.0
5.0
Pętla nr:5
31
34
335
5.0
5.0
Pętla nr:6
51
7
342
5.0
5.0
Pętla nr:7
64
9
327
5.0
5.0
Pętla nr:8
72
17
311
5.0
5.0
Pętla nr:9
73
24
303
5.0
5.0
Pętla nr:10
63
24
313
5.0
5.0
Pętla nr:11
62
16
322
5.0
5.0
Pętla nr:12
67
21
312
5.0
5.0
Pętla nr:13
63
26
311
5.0
5.0
Pętla nr:14
53
26
321
5.0
5.0
Pętla nr:15
52
20
328
5.0
5.0
Pętla nr:16
61
13
326
5.0
5.0
Pętla nr:17
68
15
317
5.0
5.0
Pętla nr:18
70
16
314
5.0
5.0
Pętla nr:19
74
19
307
5.0
5.0
Pętla nr:20
73
21
306
5.0
5.0
Pętla nr:21
70
25
305
5.0
5.0
Pętla nr:22
69
19
312
5.0
5.0
Pętla nr:23
66
19
315
5.0
5.0
Pętla nr:24
66
23
311
5.0
5.0
Pętla nr:25
59
21
320
5.0
5.0
Pętla nr:26
60
15
325
5.0
5.0
Pętla nr:27
73
8
319
5.0
5.0
Pętla nr:28
71
17
312
5.0
5.0
Pętla nr:29
60
22
318
5.0
5.0
Pętla nr:30
51
22
327
5.0
5.0
Pętla nr:31
47
21
332
5.0
5.0
Pętla nr:32
47
15
338
5.0
5.0
Pętla nr:33
56
15
329
5.0
5.0
Pętla nr:34
59
18
323
5.0
5.0
Pętla nr:35
71
11
318
5.0
5.0
Pętla nr:36
70
17
313
5.0
5.0
Pętla nr:37
76
22
302
5.0
5.0
Pętla nr:38
60
29
311
5.0
5.0
Pętla nr:39
50
22
328
5.0
5.0
Pętla nr:40
52
17
331
5.0
5.0
Pętla nr:41
57
19
324
5.0
5.0
Pętla nr:42
71
11
318
5.0
5.0
Pętla nr:43
86
10
304
5.0
5.0
Pętla nr:44
91
11
298
5.0
5.0
Pętla nr:45
85
17
298
5.0
5.0
Pętla nr:46
77
23
300
5.0
5.0
Pętla nr:47
64
30
306
5.0
5.0
Pętla nr:48
55
26
319
5.0
5.0
Pętla nr:49
48
22
330
5.0
5.0
Pętla nr:50
58
10
332
5.0
5.0
Pętla nr:51
80
7
313
5.0
5.0
Pętla nr:52
92
12
296
5.0
5.0
Pętla nr:53
90
19
291
5.0
5.0
Pętla nr:54
76
29
295
5.0
5.0
Pętla nr:55
70
29
301
5.0
5.0
Pętla nr:56
50
29
321
5.0
5.0
Pętla nr:57
49
15
336
5.0
5.0
Pętla nr:58
57
9
334
5.0
5.0
Pętla nr:59
68
14
318
5.0
5.0
Pętla nr:60
72
20
308
5.0
5.0
Pętla nr:61
79
13
308
5.0
5.0
Pętla nr:62
84
14
302
5.0
5.0
Pętla nr:63
81
26
293
5.0
5.0
Pętla nr:64
63
27
310
5.0
5.0
Pętla nr:65
64
22
314
5.0
5.0
Pętla nr:66
56
25
319
5.0
5.0
Pętla nr:67
57
14
329
5.0
5.0
Pętla nr:68
60
15
325
5.0
5.0
Pętla nr:69
63
19
318
5.0
5.0
Pętla nr:70
55
20
325
5.0
5.0
Pętla nr:71
60
14
326
5.0
5.0
Pętla nr:72
71
11
318
5.0
5.0
Pętla nr:73
66
23
311
5.0
5.0
Pętla nr:74
64
20
316
5.0
5.0
Pętla nr:75
64
21
315
5.0
5.0
Pętla nr:76
66
18
316
5.0
5.0
Pętla nr:77
58
26
316
5.0
5.0
Pętla nr:78
61
19
320
5.0
5.0
Pętla nr:79
64
15
321
5.0
5.0
Pętla nr:80
67
11
322
5.0
5.0
Pętla nr:81
70
17
313
5.0
5.0
Pętla nr:82
68
20
312
5.0
5.0
Pętla nr:83
65
22
313
5.0
5.0
Pętla nr:84
62
20
318
5.0
5.0
Pętla nr:85
63
17
320
5.0
5.0
Pętla nr:86
66
15
319
5.0
5.0
Pętla nr:87
65
16
319
5.0
5.0
Pętla nr:88
67
18
315
5.0
5.0
Pętla nr:89
80
12
308
5.0
5.0
Pętla nr:90
88
12
300
5.0
5.0
Pętla nr:91
91
21
288
5.0
5.0
Pętla nr:92
80
22
298
5.0
5.0
Pętla nr:93
74
25
301
5.0
5.0
Pętla nr:94
70
22
308
5.0
5.0
Pętla nr:95
69
17
314
5.0
5.0
Pętla nr:96
72
19
309
5.0
5.0
Pętla nr:97
60
25
315
5.0
5.0
Pętla nr:98
64
21
315
5.0
5.0
Pętla nr:99
66
16
318
5.0
5.0
Pętla nr:100
61
21
318
5.0
5.0
