400
300
Pętla nr:1
301
4
95
0.01
5.0
Pętla nr:2
279
27
94
0.01
5.0
Pętla nr:3
231
56
113
0.01
5.0
Pętla nr:4
154
81
165
0.01
5.0
Pętla nr:5
84
79
237
0.01
5.0
Pętla nr:6
51
49
300
0.01
5.0
Pętla nr:7
42
26
332
0.01
5.0
Pętla nr:8
57
5
338
0.01
5.0
Pętla nr:9
81
0
319
0.01
5.0
Pętla nr:10
99
0
301
0.01
5.0
Pętla nr:11
116
1
283
0.01
5.0
Pętla nr:12
130
3
267
0.01
5.0
Pętla nr:13
144
5
251
0.01
5.0
Pętla nr:14
140
15
245
0.01
5.0
Pętla nr:15
135
17
248
0.01
5.0
Pętla nr:16
132
19
249
0.01
5.0
Pętla nr:17
128
19
253
0.01
5.0
Pętla nr:18
120
22
258
0.01
5.0
Pętla nr:19
101
35
264
0.01
5.0
Pętla nr:20
74
39
287
0.01
5.0
Pętla nr:21
61
26
313
0.01
5.0
Pętla nr:22
55
19
326
0.01
5.0
Pętla nr:23
65
9
326
0.01
5.0
Pętla nr:24
70
9
321
0.01
5.0
Pętla nr:25
71
9
320
0.01
5.0
Pętla nr:26
83
11
306
0.01
5.0
Pętla nr:27
98
9
293
0.01
5.0
Pętla nr:28
112
13
275
0.01
5.0
Pętla nr:29
116
19
265
0.01
5.0
Pętla nr:30
107
25
268
0.01
5.0
Pętla nr:31
92
28
280
0.01
5.0
Pętla nr:32
84
23
293
0.01
5.0
Pętla nr:33
67
29
304
0.01
5.0
Pętla nr:34
74
18
308
0.01
5.0
Pętla nr:35
77
16
307
0.01
5.0
Pętla nr:36
81
12
307
0.01
5.0
Pętla nr:37
84
15
301
0.01
5.0
Pętla nr:38
96
11
293
0.01
5.0
Pętla nr:39
107
6
287
0.01
5.0
Pętla nr:40
117
8
275
0.01
5.0
Pętla nr:41
129
8
263
0.01
5.0
Pętla nr:42
120
17
263
0.01
5.0
Pętla nr:43
119
19
262
0.01
5.0
Pętla nr:44
116
26
258
0.01
5.0
Pętla nr:45
102
30
268
0.01
5.0
Pętla nr:46
91
31
278
0.01
5.0
Pętla nr:47
71
32
297
0.01
5.0
Pętla nr:48
75
13
312
0.01
5.0
Pętla nr:49
91
8
301
0.01
5.0
Pętla nr:50
105
3
292
0.01
5.0
Pętla nr:51
116
2
282
0.01
5.0
Pętla nr:52
133
2
265
0.01
5.0
Pętla nr:53
140
5
255
0.01
5.0
Pętla nr:54
151
7
242
0.01
5.0
Pętla nr:55
159
9
232
0.01
5.0
Pętla nr:56
161
16
223
0.01
5.0
Pętla nr:57
161
18
221
0.01
5.0
Pętla nr:58
139
36
225
0.01
5.0
Pętla nr:59
111
40
249
0.01
5.0
Pętla nr:60
91
33
276
0.01
5.0
Pętla nr:61
84
24
292
0.01
5.0
Pętla nr:62
79
20
301
0.01
5.0
Pętla nr:63
72
23
305
0.01
5.0
Pętla nr:64
75
22
303
0.01
5.0
Pętla nr:65
68
15
317
0.01
5.0
Pętla nr:66
81
5
314
0.01
5.0
Pętla nr:67
94
9
297
0.01
5.0
Pętla nr:68
99
14
287
0.01
5.0
Pętla nr:69
104
14
282
0.01
5.0
Pętla nr:70
108
12
280
0.01
5.0
Pętla nr:71
108
15
277
0.01
5.0
Pętla nr:72
112
17
271
0.01
5.0
Pętla nr:73
116
23
261
0.01
5.0
Pętla nr:74
106
28
266
0.01
5.0
Pętla nr:75
87
32
281
0.01
5.0
Pętla nr:76
68
31
301
0.01
5.0
Pętla nr:77
68
21
311
0.01
5.0
Pętla nr:78
75
19
306
0.01
5.0
Pętla nr:79
82
20
298
0.01
5.0
Pętla nr:80
90
15
295
0.01
5.0
Pętla nr:81
90
19
291
0.01
5.0
Pętla nr:82
96
17
287
0.01
5.0
Pętla nr:83
94
16
290
0.01
5.0
Pętla nr:84
93
18
289
0.01
5.0
Pętla nr:85
93
19
288
0.01
5.0
Pętla nr:86
103
16
281
0.01
5.0
Pętla nr:87
103
12
285
0.01
5.0
Pętla nr:88
109
16
275
0.01
5.0
Pętla nr:89
107
15
278
0.01
5.0
Pętla nr:90
103
14
283
0.01
5.0
Pętla nr:91
100
15
285
0.01
5.0
Pętla nr:92
101
12
287
0.01
5.0
Pętla nr:93
110
10
280
0.01
5.0
Pętla nr:94
117
14
269
0.01
5.0
Pętla nr:95
112
22
266
0.01
5.0
Pętla nr:96
105
29
266
0.01
5.0
Pętla nr:97
93
27
280
0.01
5.0
Pętla nr:98
87
27
286
0.01
5.0
Pętla nr:99
78
31
291
0.01
5.0
Pętla nr:100
70
27
303
0.01
5.0
