400
300
Pętla nr:1
281
21
98
5.0
0.01
Pętla nr:2
182
99
119
5.0
0.01
Pętla nr:3
65
118
217
5.0
0.01
Pętla nr:4
12
56
332
5.0
0.01
Pętla nr:5
7
8
385
5.0
0.01
Pętla nr:6
12
0
388
5.0
0.01
Pętla nr:7
16
0
384
5.0
0.01
Pętla nr:8
19
1
380
5.0
0.01
Pętla nr:9
19
1
380
5.0
0.01
Pętla nr:10
26
0
374
5.0
0.01
Pętla nr:11
28
2
370
5.0
0.01
Pętla nr:12
34
2
364
5.0
0.01
Pętla nr:13
33
3
364
5.0
0.01
Pętla nr:14
31
4
365
5.0
0.01
Pętla nr:15
28
4
368
5.0
0.01
Pętla nr:16
33
1
366
5.0
0.01
Pętla nr:17
31
4
365
5.0
0.01
Pętla nr:18
32
5
363
5.0
0.01
Pętla nr:19
29
7
364
5.0
0.01
Pętla nr:20
29
5
366
5.0
0.01
Pętla nr:21
25
5
370
5.0
0.01
Pętla nr:22
23
5
372
5.0
0.01
Pętla nr:23
22
5
373
5.0
0.01
Pętla nr:24
21
3
376
5.0
0.01
Pętla nr:25
19
3
378
5.0
0.01
Pętla nr:26
17
3
380
5.0
0.01
Pętla nr:27
23
2
375
5.0
0.01
Pętla nr:28
25
2
373
5.0
0.01
Pętla nr:29
30
1
369
5.0
0.01
Pętla nr:30
35
1
364
5.0
0.01
Pętla nr:31
38
3
359
5.0
0.01
Pętla nr:32
40
1
359
5.0
0.01
Pętla nr:33
40
1
359
5.0
0.01
Pętla nr:34
42
3
355
5.0
0.01
Pętla nr:35
45
3
352
5.0
0.01
Pętla nr:36
48
4
348
5.0
0.01
Pętla nr:37
41
10
349
5.0
0.01
Pętla nr:38
33
12
355
5.0
0.01
Pętla nr:39
33
3
364
5.0
0.01
Pętla nr:40
29
7
364
5.0
0.01
Pętla nr:41
32
2
366
5.0
0.01
Pętla nr:42
36
2
362
5.0
0.01
Pętla nr:43
36
5
359
5.0
0.01
Pętla nr:44
33
4
363
5.0
0.01
Pętla nr:45
30
8
362
5.0
0.01
Pętla nr:46
32
3
365
5.0
0.01
Pętla nr:47
34
5
361
5.0
0.01
Pętla nr:48
36
2
362
5.0
0.01
Pętla nr:49
36
4
360
5.0
0.01
Pętla nr:50
30
7
363
5.0
0.01
Pętla nr:51
30
3
367
5.0
0.01
Pętla nr:52
32
2
366
5.0
0.01
Pętla nr:53
31
3
366
5.0
0.01
Pętla nr:54
29
3
368
5.0
0.01
Pętla nr:55
31
3
366
5.0
0.01
Pętla nr:56
26
9
365
5.0
0.01
Pętla nr:57
22
10
368
5.0
0.01
Pętla nr:58
20
6
374
5.0
0.01
Pętla nr:59
20
2
378
5.0
0.01
Pętla nr:60
23
2
375
5.0
0.01
Pętla nr:61
22
2
376
5.0
0.01
Pętla nr:62
21
3
376
5.0
0.01
Pętla nr:63
25
2
373
5.0
0.01
Pętla nr:64
23
5
372
5.0
0.01
Pętla nr:65
22
3
375
5.0
0.01
Pętla nr:66
24
0
376
5.0
0.01
Pętla nr:67
26
0
374
5.0
0.01
Pętla nr:68
31
0
369
5.0
0.01
Pętla nr:69
32
2
366
5.0
0.01
Pętla nr:70
30
3
367
5.0
0.01
Pętla nr:71
31
0
369
5.0
0.01
Pętla nr:72
31
1
368
5.0
0.01
Pętla nr:73
34
0
366
5.0
0.01
Pętla nr:74
33
4
363
5.0
0.01
Pętla nr:75
32
4
364
5.0
0.01
Pętla nr:76
34
1
365
5.0
0.01
Pętla nr:77
33
3
364
5.0
0.01
Pętla nr:78
31
6
363
5.0
0.01
Pętla nr:79
31
4
365
5.0
0.01
Pętla nr:80
30
1
369
5.0
0.01
Pętla nr:81
33
1
366
5.0
0.01
Pętla nr:82
32
6
362
5.0
0.01
Pętla nr:83
34
3
363
5.0
0.01
Pętla nr:84
29
9
362
5.0
0.01
Pętla nr:85
23
8
369
5.0
0.01
Pętla nr:86
27
0
373
5.0
0.01
Pętla nr:87
30
1
369
5.0
0.01
Pętla nr:88
33
1
366
5.0
0.01
Pętla nr:89
37
1
362
5.0
0.01
Pętla nr:90
37
2
361
5.0
0.01
Pętla nr:91
41
2
357
5.0
0.01
Pętla nr:92
46
2
352
5.0
0.01
Pętla nr:93
47
5
348
5.0
0.01
Pętla nr:94
46
5
349
5.0
0.01
Pętla nr:95
42
7
351
5.0
0.01
Pętla nr:96
43
4
353
5.0
0.01
Pętla nr:97
45
5
350
5.0
0.01
Pętla nr:98
44
3
353
5.0
0.01
Pętla nr:99
46
3
351
5.0
0.01
Pętla nr:100
41
7
352
5.0
0.01
