200
75
Pętla nr:1
75
0
125
0.01
0.1
Pętla nr:2
74
1
125
0.01
0.1
Pętla nr:3
75
1
124
0.01
0.1
Pętla nr:4
74
2
124
0.01
0.1
Pętla nr:5
72
4
124
0.01
0.1
Pętla nr:6
67
5
128
0.01
0.1
Pętla nr:7
58
10
132
0.01
0.1
Pętla nr:8
55
4
141
0.01
0.1
Pętla nr:9
50
6
144
0.01
0.1
Pętla nr:10
41
9
150
0.01
0.1
Pętla nr:11
36
6
158
0.01
0.1
Pętla nr:12
31
6
163
0.01
0.1
Pętla nr:13
28
6
166
0.01
0.1
Pętla nr:14
22
8
170
0.01
0.1
Pętla nr:15
23
2
175
0.01
0.1
Pętla nr:16
23
1
176
0.01
0.1
Pętla nr:17
22
2
176
0.01
0.1
Pętla nr:18
20
2
178
0.01
0.1
Pętla nr:19
17
3
180
0.01
0.1
Pętla nr:20
16
2
182
0.01
0.1
Pętla nr:21
13
3
184
0.01
0.1
Pętla nr:22
15
1
184
0.01
0.1
Pętla nr:23
16
0
184
0.01
0.1
Pętla nr:24
16
0
184
0.01
0.1
Pętla nr:25
17
0
183
0.01
0.1
Pętla nr:26
18
0
182
0.01
0.1
Pętla nr:27
20
0
180
0.01
0.1
Pętla nr:28
23
0
177
0.01
0.1
Pętla nr:29
24
0
176
0.01
0.1
Pętla nr:30
25
0
175
0.01
0.1
Pętla nr:31
26
0
174
0.01
0.1
Pętla nr:32
28
0
172
0.01
0.1
Pętla nr:33
30
0
170
0.01
0.1
Pętla nr:34
32
0
168
0.01
0.1
Pętla nr:35
33
1
166
0.01
0.1
Pętla nr:36
36
0
164
0.01
0.1
Pętla nr:37
38
0
162
0.01
0.1
Pętla nr:38
40
0
160
0.01
0.1
Pętla nr:39
42
0
158
0.01
0.1
Pętla nr:40
43
0
157
0.01
0.1
Pętla nr:41
43
0
157
0.01
0.1
Pętla nr:42
44
1
155
0.01
0.1
Pętla nr:43
42
4
154
0.01
0.1
Pętla nr:44
41
4
155
0.01
0.1
Pętla nr:45
36
5
159
0.01
0.1
Pętla nr:46
28
8
164
0.01
0.1
Pętla nr:47
24
5
171
0.01
0.1
Pętla nr:48
24
4
172
0.01
0.1
Pętla nr:49
23
2
175
0.01
0.1
Pętla nr:50
25
1
174
0.01
0.1
Pętla nr:51
25
0
175
0.01
0.1
Pętla nr:52
26
0
174
0.01
0.1
Pętla nr:53
28
0
172
0.01
0.1
Pętla nr:54
29
0
171
0.01
0.1
Pętla nr:55
30
0
170
0.01
0.1
Pętla nr:56
30
0
170
0.01
0.1
Pętla nr:57
33
0
167
0.01
0.1
Pętla nr:58
34
0
166
0.01
0.1
Pętla nr:59
34
0
166
0.01
0.1
Pętla nr:60
36
0
164
0.01
0.1
Pętla nr:61
36
0
164
0.01
0.1
Pętla nr:62
37
0
163
0.01
0.1
Pętla nr:63
39
0
161
0.01
0.1
Pętla nr:64
40
1
159
0.01
0.1
Pętla nr:65
40
3
157
0.01
0.1
Pętla nr:66
36
6
158
0.01
0.1
Pętla nr:67
33
5
162
0.01
0.1
Pętla nr:68
30
4
166
0.01
0.1
Pętla nr:69
29
3
168
0.01
0.1
Pętla nr:70
30
4
166
0.01
0.1
Pętla nr:71
34
3
163
0.01
0.1
Pętla nr:72
32
4
164
0.01
0.1
Pętla nr:73
34
2
164
0.01
0.1
Pętla nr:74
30
4
166
0.01
0.1
Pętla nr:75
29
3
168
0.01
0.1
Pętla nr:76
26
5
169
0.01
0.1
Pętla nr:77
24
3
173
0.01
0.1
Pętla nr:78
23
4
173
0.01
0.1
Pętla nr:79
23
2
175
0.01
0.1
Pętla nr:80
24
1
175
0.01
0.1
Pętla nr:81
24
0
176
0.01
0.1
Pętla nr:82
24
1
175
0.01
0.1
Pętla nr:83
24
2
174
0.01
0.1
Pętla nr:84
20
5
175
0.01
0.1
Pętla nr:85
16
4
180
0.01
0.1
Pętla nr:86
19
3
178
0.01
0.1
Pętla nr:87
17
2
181
0.01
0.1
Pętla nr:88
19
0
181
0.01
0.1
Pętla nr:89
21
0
179
0.01
0.1
Pętla nr:90
21
1
178
0.01
0.1
Pętla nr:91
20
3
177
0.01
0.1
Pętla nr:92
20
1
179
0.01
0.1
Pętla nr:93
21
1
178
0.01
0.1
Pętla nr:94
23
0
177
0.01
0.1
Pętla nr:95
25
0
175
0.01
0.1
Pętla nr:96
26
0
174
0.01
0.1
Pętla nr:97
27
0
173
0.01
0.1
Pętla nr:98
28
0
172
0.01
0.1
Pętla nr:99
29
0
171
0.01
0.1
Pętla nr:100
30
1
169
0.01
0.1
